CALSPHERE 1             
1 00900U 64063C   24109.11342102  .00001630  00000+0  16969-2 0  9990
2 00900  90.2031  54.0901 0025958 155.9529 333.4496 13.74913474962776
CALSPHERE 2
1 00902U 64063E   24109.42645705  .00000134  00000+0  18784-3 0  9997
2 00902  90.2184  57.6597 0018698   6.5988 116.1072 13.52790876749943
LCS 1
1 01361U 65034C   24108.41296100  .00000010  00000+0  15558-3 0  9994
2 01361  32.1401 254.6003 0005237 172.6776 187.3798  9.89305079131577
TEMPSAT 1
1 01512U 65065E   24108.84595345  .00000064  00000+0  11182-3 0  9994
2 01512  89.9558 214.3283 0068125 308.9184 173.5509 13.33509697854714
CALSPHERE 4A
1 01520U 65065H   24108.90032969  .00000209  00000+0  38418-3 0  9990
2 01520  89.9455 128.3672 0069523 171.5019 264.8523 13.36050192857176
OPS 5712 (P/L 160)
1 02826U 67053A   24109.14590461  .00011296  00000+0  24557-2 0  9998
2 02826  69.9247 147.6933 0002798 184.4970 175.6143 14.58191243950705
LES-5
1 02866U 67066E   24108.49368807 -.00000102  00000+0  00000+0 0  9999
2 02866   0.9638 143.7792 0054234 153.1489 313.2827  1.09425864122383
SURCAL 159
1 02872U 67053F   24108.84743886  .00000391  00000+0  30664-3 0  9997
2 02872  69.9735 262.2052 0004224  56.1585 303.9924 13.99180243899636
OPS 5712 (P/L 153)
1 02874U 67053H   24108.85631841  .00000187  00000+0  17381-3 0  9991
2 02874  69.9766   9.0192 0006310 163.5326 196.5986 13.96570394896906
SURCAL 150B
1 02909U 67053J   24109.50798605  .00030045  00000+0  41141-2 0  9991
2 02909  69.9399  96.9577 0004620 233.0903 126.9822 14.78360352962705
OPS 3811 (DSP 2)
1 05204U 71039A   24109.16332900 -.00000091  00000+0  00000+0 0  9990
2 05204   1.8158 283.1719 0020337   1.1682 276.4450  0.98160977 17520
RIGIDSPHERE 2 (LCS 4)
1 05398U 71067E   24109.51981405  .00002033  00000+0  68538-3 0  9995
2 05398  87.6320 197.6384 0060105 331.3032  28.4862 14.35613749760712
OSCAR 7 (AO-7)
1 07530U 74089B   24108.97972289 -.00000017  00000+0  18239-3 0  9995
2 07530 101.9777 103.0669 0012079 197.7716 226.9010 12.53674191261739
STARLETTE
1 07646U 75010A   24109.50582211 -.00000105  00000+0  29731-4 0  9998
2 07646  49.8260 341.5747 0205726 334.3271  24.7521 13.82326941485287
LAGEOS 1
1 08820U 76039A   24108.59740694  .00000026  00000+0  00000+0 0  9998
2 08820 109.8445 268.5128 0044338 111.9494 235.9141  6.38664888862642
OPS 8701 (DSP 10)
1 13086U 82019A   24108.78579159 -.00000150  00000+0  00000+0 0  9999
2 13086  10.9005 315.1297 0001756 261.3257 109.5285  0.98190801 17901
PHASE 3B (AO-10)
1 14129U 83058B   24107.70408709 -.00000587  00000+0  00000+0 0  9999
2 14129  27.4589 348.8222 6034428 261.0738  30.2297  2.05871222279197
UOSAT 2 (UO-11)
1 14781U 84021B   24108.91434237  .00004492  00000+0  51505-3 0  9991
2 14781  97.6998  80.0280 0006385 277.5346  82.5144 14.86368047139537
AJISAI (EGS)
1 16908U 86061A   24109.17169170 -.00000090  00000+0  53849-4 0  9995
2 16908  50.0104  56.6513 0011358 329.9717 181.2235 12.44504946382361
TDRS 3
1 19548U 88091B   24109.47232580 -.00000303  00000+0  00000+0 0  9995
2 19548  13.2095 346.3442 0037761 342.7579 359.0035  1.00279005117442
COSMOS 1989 (ETALON 1)
1 19751U 89001C   24108.48790619  .00000064  00000+0  00000+0 0  9998
2 19751  64.5294  99.3254 0023907 215.9168 318.1078  2.13156267274510
COSMOS 2024 (ETALON 2)
1 20026U 89039C   24108.39395439 -.00000060  00000+0  00000+0 0  9994
2 20026  65.3618 337.6334 0019284 217.4324 266.6813  2.13204512271649
FLTSATCOM 8 (USA 46)
1 20253U 89077A   24108.84741399 -.00000371  00000+0  00000+0 0  9993
2 20253  12.6538 355.9267 0006335  28.9360 252.4379  1.00278082252695
LUSAT (LO-19)
1 20442U 90005G   24109.54664729  .00000623  00000+0  24215-3 0  9992
2 20442  98.8808  98.2550 0011805   6.3832 353.7499 14.33490008789298
HST
1 20580U 90037B   24108.87054358  .00011457  00000+0  55801-3 0  9998
2 20580  28.4696  28.9793 0002655  93.6300 266.4596 15.16772606667861
SKYNET 4C
1 20776U 90079A   24108.82495174  .00000122  00000+0  00000+0 0  9995
2 20776  13.5959 355.2191 0003158  29.3993 152.1250  1.00272472122965
USA 65 (DSP 15)
1 20929U 90095A   24108.57390604 -.00000016  00000+0  00000+0 0  9990
2 20929  14.4988 349.5840 0006527  83.5798 220.3110  0.98396747 17685
TDRS 5
1 21639U 91054B   24106.09494052 -.00000309  00000+0  00000+0 0  9997
2 21639  14.2682 359.6418 0033926 267.6152 264.0385  1.00457484119769
USA 75 (DSP 16)
1 21805U 91080B   24108.30743890  .00000034  00000+0  00000+0 0  9998
2 21805  14.4340 351.1977 0006540  86.7148  96.9481  0.99186610 17865
LAGEOS 2
1 22195U 92070B   24109.44418859 -.00000009  00000+0  00000+0 0  9994
2 22195  52.6739  45.7297 0137600 201.5325 278.4404  6.47293485744497
TDRS 6
1 22314U 93003B   24109.47098589 -.00000298  00000+0  00000+0 0  9991
2 22314  14.1623   2.8522 0008888 142.3777 185.4262  1.00267354114454
SCD 1
1 22490U 93009B   24109.15997012  .00001206  00000+0  28358-3 0  9995
2 22490  24.9708  42.7137 0042709  61.2535  68.6874 14.45225689647065
UFO 2 (USA 95)
1 22787U 93056A   24108.89564760  .00000122  00000+0  00000+0 0  9992
2 22787  11.6407   7.6794 0005469  32.7290 157.2394  1.00275944110732
STELLA
1 22824U 93061B   24108.95826568 -.00000010  00000+0  14802-4 0  9991
2 22824  98.8853 154.2850 0006715  22.5067 103.1901 14.27421146592033
EYESAT A (AO-27)
1 22825U 93061C   24108.89445899  .00000388  00000+0  16668-3 0  9997
2 22825  98.7947 161.0242 0007365 252.5097 107.5281 14.30459278593994
ITAMSAT (IO-26)
1 22826U 93061D   24109.16873916  .00000456  00000+0  19130-3 0  9997
2 22826  98.7895 161.1642 0008041 235.2143 124.8282 14.30837291594566
USA 99 (MILSTAR-1 1)
1 22988U 94009A   24108.33035444 -.00000199  00000+0  00000+0 0  9990
2 22988  16.4177  36.0885 0002841 331.1486 227.5887  1.00270686 25037
RADIO ROSTO (RS-15)
1 23439U 94085A   24109.51429819 -.00000025  00000+0  50291-3 0  9999
2 23439  64.8134 140.2726 0151751 155.1051 205.7289 11.27576343207156
UFO 4 (USA 108)
1 23467U 95003A   24108.62026167 -.00000026  00000+0  00000+0 0  9991
2 23467   9.7493  15.6615 0002525  46.7186 179.4362  1.00272326107010
AMSC 1
1 23553U 95019A   24109.32549490 -.00000096  00000+0  00000+0 0  9998
2 23553  12.5768  21.7626 0005516 354.1046 200.7886  1.00273103106244
TDRS 7
1 23613U 95035B   24108.91167190 -.00000207  00000+0  00000+0 0  9994
2 23613  13.7078 353.6562 0027927  63.8539 202.1353  1.00272803105223
USA 115 (MILSTAR-1 2)
1 23712U 95060A   24108.76855042 -.00000023  00000+0  00000+0 0  9991
2 23712  13.7802   9.4620 0002768 356.5498 356.9780  1.00273310 24957
POLAR
1 23802U 96013A   24108.82508170  .00000177  00000+0  00000+0 0  9993
2 23802  79.0866 235.2265 5847861 235.8249  54.5682  1.29846876134593
INMARSAT 3-F1
1 23839U 96020A   24108.67260081 -.00000156  00000+0  00000+0 0  9998
2 23839   8.9411  53.3622 0004300 355.6528  26.8396  1.00001838102358
JAS-2 (FO-29)
1 24278U 96046B   24108.71116637  .00000120  00000+0  15981-3 0  9994
2 24278  98.5761  51.3007 0349918 345.0909  14.0118 13.53181724366253
INMARSAT 3-F2
1 24307U 96053A   24109.43635191  .00000091  00000+0  00000+0 0  9995
2 24307   8.0521  61.4738 0007403 349.1160 181.4634  0.99983507101055
INMARSAT 3-F3
1 24674U 96070A   24109.58302737 -.00000355  00000+0  00000+0 0  9998
2 24674   8.5958  56.6971 0004342 332.5435 147.0473  0.99994399100000
GALAXY 25 (G-25)
1 24812U 97026A   24108.61098984  .00000031  00000+0  00000+0 0  9993
2 24812   5.3867  76.7419 0012026 320.8128  65.7475  0.99093794 98390
NAVSTAR 43 (USA 132)
1 24876U 97035A   24108.95018859  .00000060  00000+0  00000+0 0  9995
2 24876  55.6505 129.4857 0077376  51.8888 308.8621  2.00565647195906
INTELSAT 5 (IS-5)
1 24916U 97046A   24108.63657345 -.00000066  00000+0  00000+0 0  9993
2 24916   8.6726  55.9645 0001365 306.1817 239.4130  1.00271513 97691
FORTE
1 24920U 97047A   24108.89186541  .00000718  00000+0  31703-3 0  9993
2 24920  69.9561 358.0693 0025216 274.0051  85.8188 14.27077144385892
AMC-3 (GE-3)
1 24936U 97050A   24109.34146699 -.00000262  00000+0  00000+0 0  9992
2 24936   6.2007  72.7868 0003163 302.9053 242.1660  1.00271753 97524
USA 134
1 25019U 97065A   24108.43717569 -.00000065  00000+0  00000+0 0  9991
2 25019  11.8395  27.2495 0004184 336.0172 247.9432  1.00275057 25021
NAVSTAR 44 (USA 135)
1 25030U 97067A   24107.37377337 -.00000042  00000+0  00000+0 0  9998
2 25030  55.6147 200.0874 0019754 252.4722 165.6646  1.88437790191777
ORBCOMM FM11
1 25114U 97084C   24109.46405123  .00004951  00000+0  15319-2 0  9991
2 25114  45.0126 243.2511 0007285 231.5021 128.5176 14.42158223380123
ORBCOMM FM06
1 25118U 97084G   24109.49713264  .00005315  00000+0  16290-2 0  9990
2 25118  45.0130 241.9682 0003089 243.3745 227.6546 14.42540501380146
INMARSAT 3-F5
1 25153U 98006B   24108.80754722 -.00000292  00000+0  00000+0 0  9991
2 25153   7.9112  60.5918 0004807 320.6907  61.8563  1.00273562 95978
ORBCOMM FM04
1 25159U 98007C   24109.50913271  .00002838  00000+0  10858-2 0  9994
2 25159 107.9733 347.6231 0044367 268.6067  90.9989 14.32307904363479
CELESTIS-02 & TAURUS R/B
1 25160U 98007D   24108.93681532  .00000331  00000+0  20423-3 0  9990
2 25160 107.9951 177.6647 0060819  42.4535 130.5150 14.21955422358155
NOAA 15
1 25338U 98030A   24109.54932237  .00000559  00000+0  24952-3 0  9995
2 25338  98.5745 137.9079 0011286 135.2204 224.9890 14.26538094348935
TECHSAT 1B (GO-32)
1 25397U 98043D   24108.88207319  .00000361  00000+0  17736-3 0  9999
2 25397  98.9166  74.7237 0001324  22.7327 337.3910 14.24017878339058
ORBCOMM FM19
1 25415U 98046C   24107.95610674  .00004246  00000+0  15081-2 0  9998
2 25415  44.9955  34.9730 0003867 300.9286 182.4859 14.35574737342892
ORBCOMM FM20
1 25416U 98046D   24107.92245633  .00002665  00000+0  97452-3 0  9991
2 25416  44.9962  36.6622 0001501 319.7366  40.3369 14.35089848342982
ORBCOMM FM13
1 25420U 98046H   24107.91047852  .00003846  00000+0  13803-2 0  9997
2 25420  44.9985  40.5548 0005657 303.7254  56.3053 14.35219187341941
ASTRA 2A
1 25462U 98050A   24109.47399524  .00000067  00000+0  00000+0 0  9991
2 25462   5.0972  78.1218 0003295 298.1943  58.5712  1.00271540 93826
ORBCOMM FM27
1 25481U 98053G   24108.95917999  .00003401  00000+0  12205-2 0  9997
2 25481  45.0043 119.7989 0001983 290.6124  69.4510 14.35473090336550
SCD 2
1 25504U 98060A   24109.45870010  .00001037  00000+0  24232-3 0  9996
2 25504  24.9950 259.9024 0017222  62.2332 332.6990 14.44708354346320
ISS (ZARYA)
1 25544U 98067A   24109.69111111  .00044382  00000+0  77014-3 0  9999
2 25544  51.6382 250.4150 0004283  76.2954 108.4272 15.50399644449315
SWAS
1 25560U 98071A   24109.13907345  .00006695  00000+0  55047-3 0  9990
2 25560  69.8972  90.9955 0006214 354.9707   5.1388 14.99565680378642
SKYNET 4E
1 25639U 99009B   24108.02340911 -.00000039  00000+0  00000+0 0  9998
2 25639  11.6009  13.3988 0003207   9.8070 189.6597  1.00274684 43455
LANDSAT 7
1 25682U 99020A   24109.56376372  .00001074  00000+0  23015-3 0  9993
2 25682  97.8937 139.1549 0001615 106.0554   8.9255 14.60565387330497
DLR-TUBSAT
1 25757U 99029B   24109.48356737  .00000509  00000+0  13802-3 0  9994
2 25757  98.5809  72.1024 0013331 229.9686 130.0340 14.51861892318734
CXO
1 25867U 99040B   24109.68742308  .00000930  00000+0  00000+0 0  9994
2 25867  39.8987 159.5880 8946259 292.2469 359.9679  0.37811468 25493
ABS-6
1 25924U 99053A   24109.13626500 -.00000126  00000+0  00000+0 0  9995
2 25924   0.0556  80.5920 0002987 306.0183  28.1811  1.00271558 89918
NAVSTAR 46 (USA 145)
1 25933U 99055A   24108.30813175 -.00000081  00000+0  00000+0 0  9991
2 25933  52.1114 329.8433 0124691 149.1362  33.5128  2.00554607179715
UFO 10 (USA 146)
1 25967U 99063A   24109.02861808 -.00000191  00000+0  00000+0 0  9995
2 25967   9.4584  30.9014 0001669 327.3389 195.7900  1.00269070 89413
ORBCOMM FM32
1 25982U 99065C   24108.51589591  .00002385  00000+0  89516-3 0  9992
2 25982  45.0164 308.5051 0005727  67.2347 292.9104 14.34073190273449
ORBCOMM FM35
1 25985U 99065F   24107.94698455  .00002264  00000+0  83645-3 0  9994
2 25985  45.0403 309.2463 0003209  69.6043 290.5149 14.35022990273519
XMM-NEWTON
1 25989U 99066A   24104.40549241  .00000006  00000+0  00000+0 0  9997
2 25989  68.0299 293.8034 5211846  78.1754 321.8645  0.50133296 19027
TERRA
1 25994U 99068A   24109.53068637  .00001450  00000+0  31380-3 0  9992
2 25994  98.0524 174.7633 0002366 154.3770 312.5235 14.59666001294468
GALAXY 11 (G-11)
1 26038U 99071A   24109.53333104 -.00000056  00000+0  00000+0 0  9993
2 26038   4.7051  79.9725 0001208 218.0782 267.3663  1.00273456 89150
USA 148
1 26052U 00001A   24109.06890955  .00000035  00000+0  00000+0 0  9990
2 26052  10.6156  38.1404 0001910 307.6514  65.7889  1.00273281 23702
ASIASTAR
1 26107U 00016A   24109.46871955 -.00000334  00000+0  00000+0 0  9993
2 26107   7.2671  66.1115 0004568 325.0718  89.6325  1.00270900 88233
IMAGE
1 26113U 00017A   24109.49363391  .00000192  00000+0  11621-1 0  9998
2 26113  94.3533 302.5214 7474586  22.6157 357.8436  1.68651901148199
USA 149 (DSP 20)
1 26356U 00024A   24109.42972479  .00000094  00000+0  00000+0 0  9999
2 26356  12.5752  17.1862 0001100  59.8373 119.5179  1.00261003 23683
NAVSTAR 47 (USA 150)
1 26360U 00025A   24108.53167465 -.00000066  00000+0  00000+0 0  9997
2 26360  54.6211  51.3535 0037935 214.3664 291.1327  2.00552842175414
TDRS 8
1 26388U 00034A   24108.58868924  .00000092  00000+0  00000+0 0  9998
2 26388  11.4472  37.7334 0003980 284.3239 288.5336  1.00266630 87246
NAVSTAR 48 (USA 151)
1 26407U 00040A   24108.80589380 -.00000036  00000+0  00000+0 0  9997
2 26407  55.0945 246.5856 0145485 294.4719 250.4820  2.00559396174099
CLUSTER II-FM7 (SAMBA)
1 26410U 00041A   24106.02062211 -.00000159  00000+0  00000+0 0  9999
2 26410 138.6546 357.0641 7318950 211.8555   0.6121  0.44243230 28523
CLUSTER II-FM6 (SALSA)
1 26411U 00041B   24110.49388835  .00000663  00000+0  00000+0 0  9998
2 26411 147.2455  19.3779 8904840 234.2244   0.5288  0.44235784 27856
INTELSAT 9 (IS-9)
1 26451U 00043A   24108.67190463 -.00000122  00000+0  00000+0 0  9990
2 26451   8.6580  56.1586 0003053 306.8603  68.6938  1.00374081 36222
CLUSTER II-FM5 (RUMBA)
1 26463U 00045A   24108.27257464  .00000512  00000+0  00000+0 0  9998
2 26463 149.3651  15.1330 8424128 230.4016   0.6524  0.44219287 16708
CLUSTER II-FM8 (TANGO)
1 26464U 00045B   24110.54531373 -.00000035  00000+0  00000+0 0  9997
2 26464 138.6819 357.1246 7336859 212.0222   0.7636  0.44223214 16797
NSS-11 (AAP-1)
1 26554U 00059A   24109.13974590  .00000019  00000+0  00000+0 0  9998
2 26554   0.0803  78.8291 0003016 315.8721  38.3368  1.00271920 86251
USA 153
1 26575U 00065A   24108.84987477 -.00000326  00000+0  00000+0 0  9995
2 26575  10.2526  41.4225 0002040 322.4151 282.9928  1.00275388 25006
AMC-6 (GE-6)
1 26580U 00067A   24108.71913228  .00000097  00000+0  00000+0 0  9996
2 26580   0.0599  72.4117 0002894 324.3130 289.4768  1.00272369 85969
NAVSTAR 49 (USA 154)
1 26605U 00071A   24108.24021361  .00000052  00000+0  00000+0 0  9996
2 26605  55.2514 126.2189 0154794 259.3073 160.9817  2.00554670171652
INTELSAT 1R (IS-1R)
1 26608U 00072A   24109.52411383 -.00000139  00000+0  00000+0 0  9996
2 26608   6.1144  73.2771 0001127 334.2624 145.3824  1.00271359 85730
ANIK F1
1 26624U 00076A   24109.44087708 -.00000065  00000+0  00000+0 0  9997
2 26624   3.1511  84.4202 0007245 332.4316 199.6840  1.00273344 85805
NAVSTAR 50 (USA 156)
1 26690U 01004A   24104.49627378 -.00000049  00000+0  00000+0 0  9997
2 26690  54.5563  61.8752 0002615 342.7771 196.2845  1.91588520168310
ODIN
1 26702U 01007A   24108.57466226  .00021398  00000+0  97629-3 0  9996
2 26702  97.4878 124.0779 0009769 128.2392 231.9724 15.20598806267681
USA 157 (MILSTAR-2 2)
1 26715U 01009A   24109.36634405  .00000011  00000+0  00000+0 0  9998
2 26715  10.6861  24.1524 0003062   1.0222 189.3882  1.00274784 23727
BSAT-2A
1 26720U 01011B   24109.55314441 -.00000303  00000+0  00000+0 0  9998
2 26720   9.0415  54.2233 0000974 209.7277 287.4065  0.99181173 84138
INTELSAT 10 (IS-10)
1 26766U 01019A   24108.77534887 -.00000276  00000+0  00000+0 0  9996
2 26766   7.1817  67.2200 0003116 318.0412 244.0514  1.00156442 37698
INTELSAT 901 (IS-901)
1 26824U 01024A   24108.74132306 -.00000209  00000+0  00000+0 0  9990
2 26824   0.0404  70.5161 0000913 334.6940  40.5193  1.00272352 15059
ASTRA 2C
1 26853U 01025A   24109.34146699 -.00000261  00000+0  00000+0 0  9998
2 26853   6.2216  72.6144 0003005 307.2545 237.4735  1.00275339 83654
OMNI-M1
1 26857U 01026A   24107.31937942 -.00000026  00000+0  00000+0 0  9996
2 26857  44.9261  67.3053 0014699 225.2783 134.6179  3.92402640174494
USA 159 (DSP 21)
1 26880U 01033A   24109.16646182 -.00000299  00000+0  00000+0 0  9990
2 26880  12.0412  21.6725 0001332 256.8940 298.9888  1.00278364 23695
INTELSAT 902 (IS-902)
1 26900U 01039A   24108.87998353 -.00000286  00000+0  00000+0 0  9992
2 26900   4.1079  81.3173 0003556 339.6836  52.1923  1.00272330 82774
PCSAT (NO-44)
1 26931U 01043C   24109.45818077  .00000593  00000+0  25560-3 0  9992
2 26931  67.0487 125.8548 0006201 281.9370  78.1036 14.31178277177569
PROBA-1
1 26958U 01049B   24109.46139851  .00005843  00000+0  45235-3 0  9998
2 26958  97.9145  84.9019 0056404 265.2456  94.2324 15.00594618224930
TIMED
1 26998U 01055B   24109.20692260  .00004616  00000+0  46937-3 0  9996
2 26998  74.0741  21.1941 0000541 221.4415 138.6727 14.91077207213026
MAROC-TUBSAT
1 27004U 01056D   24108.88645272  .00000027  00000+0  82551-4 0  9995
2 27004  99.7245 262.7205 0019943  11.0826 111.2186 13.70200525117957
COSMOS 2385
1 27056U 01058B   24108.93616028  .00000023  00000+0  71286-4 0  9996
2 27056  82.5424   5.2382 0005215 209.5228 242.4567 12.60536817 26218
COSMOS 2386
1 27057U 01058C   24108.90887879  .00000029  00000+0  10450-3 0  9999
2 27057  82.5490   0.0972 0001558  69.2396 290.8861 12.61587067 26851
USA 164 (MILSTAR-2 3)
1 27168U 02001A   24109.02757743  .00000013  00000+0  00000+0 0  9990
2 27168  10.2470  26.1304 0100901 358.3623 208.8119  1.00248980 23722
INTELSAT 904 (IS-904)
1 27380U 02007A   24109.24199742 -.00000216  00000+0  00000+0 0  9991
2 27380   4.9298  78.4989 0003084 311.1619 234.7985  1.00271480 81163
AQUA
1 27424U 02022A   24109.51407127  .00003168  00000+0  68318-3 0  9994
2 27424  98.3252  58.6855 0000987  54.5785  10.1122 14.59103938168011
DIRECTV 5 (TEMPO 1)
1 27426U 02023A   24108.86806144 -.00000061  00000+0  00000+0 0  9996
2 27426   2.8467  85.1304 0003392 304.0039  19.7168  1.00272105 80195
INTELSAT 905 (IS-905)
1 27438U 02027A   24108.81346476 -.00000188  00000+0  00000+0 0  9995
2 27438   4.7539  79.1667 0002818 298.9631  96.6470  1.00272508 43449
GALAXY 3C (G-3C)
1 27445U 02030A   24109.08587894 -.00000157  00000+0  00000+0 0  9994
2 27445   1.6881  87.6176 0002211  13.4418  41.6918  1.00271984 80021
COSMOS 2390
1 27464U 02036A   24108.85184270  .00000030  00000+0  14310-3 0  9998
2 27464  82.4787 119.1402 0025336 184.4179 175.6682 12.44598122989348
COSMOS 2391
1 27465U 02036B   24109.47447054  .00000043  00000+0  23054-3 0  9999
2 27465  82.4781 115.6069 0026316 178.2688 181.8488 12.44919654989821
INTELSAT 906 (IS-906)
1 27513U 02041A   24108.83107684  .00000010  00000+0  00000+0 0  9996
2 27513   3.7824  82.5786 0003095 310.7215 176.4685  1.00272236 79103
INTEGRAL
1 27540U 02048A   24109.32580407  .00000395  00000+0  00000+0 0  9992
2 27540  88.5976  23.6295 8661902 283.6630 214.2568  0.37582224 23668
TDRS 10
1 27566U 02055A   24108.63528575  .00000084  00000+0  00000+0 0  9994
2 27566   9.4511  45.8163 0007090 329.5293 248.4096  1.00272711 78294
LATINSAT B
1 27606U 02058B   24109.49270925  .00001888  00000+0  30043-3 0  9997
2 27606  64.5543 146.2084 0045967 149.9427 210.4328 14.74288816145607
SAUDISAT 1C (SO-50)
1 27607U 02058C   24109.21826459  .00004257  00000+0  59334-3 0  9994
2 27607  64.5565  45.8305 0031835 141.2922 219.0472 14.78636432147664
LATINSAT A
1 27612U 02058H   24108.75451028  .00003551  00000+0  46440-3 0  9994
2 27612  64.5555 250.4701 0005586  86.6157 273.5588 14.81928975150330
NIMIQ 2
1 27632U 02062A   24108.86823549 -.00000069  00000+0  00000+0 0  9994
2 27632   7.5923  64.7783 0005245 322.0836  22.9387  1.00272305 36250
CORIOLIS
1 27640U 03001A   24108.88845831  .00000453  00000+0  23569-3 0  9992
2 27640  98.7154 117.0701 0013537 332.9954  27.0516 14.19436534102088
SORCE
1 27651U 03004A   24108.90187031  .00008848  00000+0  81446-3 0  9995
2 27651  39.9935  62.5994 0020299 174.8893 185.2109 14.94504736153220
NAVSTAR 51 (USA 166)
1 27663U 03005A   24108.60481125 -.00000034  00000+0  00000+0 0  9990
2 27663  55.1340 246.4047 0138020  47.2889 128.6041  2.00553051155456
USA 167
1 27691U 03008A   24108.93567799  .00000050  00000+0  00000+0 0  9999
2 27691   9.3788  49.9531 0001301 285.9496  77.4746  1.00273989 23707
NAVSTAR 52 (USA 168)
1 27704U 03010A   24108.34764755 -.00000110  00000+0  00000+0 0  9991
2 27704  55.1055 356.2461 0253798 325.7606 242.5090  2.00560730154244
USA 169 (MILSTAR-2 4)
1 27711U 03012A   24109.52117132 -.00000263  00000+0  00000+0 0  9992
2 27711  11.1419  35.7902 0100420 359.9326 151.1167  1.00274881 23724
ASIASAT 4
1 27718U 03014A   24109.55532648 -.00000224  00000+0  00000+0 0  9994
2 27718   2.6743  85.6546 0002591 303.9323 165.0468  1.00271659 77008
HELLAS-SAT 2
1 27811U 03020A   24108.93797435 -.00000085  00000+0  00000+0 0  9998
2 27811   5.3716  77.1595 0005360 295.7204 161.3420  1.00272706 34920
THURAYA-2
1 27825U 03026A   24109.01646819  .00000124  00000+0  00000+0 0  9991
2 27825   7.6387  34.3075 0002729 322.0922 260.1422  1.00271234 76414
OPTUS C1
1 27831U 03028B   24109.52368293 -.00000151  00000+0  00000+0 0  9994
2 27831   4.8964  78.8339 0006024 306.2640 166.2972  1.00272190 76407
MOST
1 27843U 03031D   24108.99223027  .00000333  00000+0  17406-3 0  9999
2 27843  98.7083 116.8294 0010286  20.0622 340.0957 14.20931143 78473
CUTE-1 (CO-55)
1 27844U 03031E   24108.98188711  .00001084  00000+0  49902-3 0  9999
2 27844  98.6795 116.8497 0008976 325.8239  34.2360 14.23167474 79259
CUBESAT XI-IV (CO-57)
1 27848U 03031J   24108.82228307  .00000914  00000+0  42818-3 0  9992
2 27848  98.6825 116.9704 0009177 343.1942  16.8930 14.22622199 78951
GALAXY 23 (G-23)
1 27854U 03034A   24109.16577338  .00000007  00000+0  00000+0 0  9997
2 27854   1.1504  89.7434 0002792 304.7551 111.0654  1.00271735 80629
SCISAT 1
1 27858U 03036A   24109.54987428  .00002145  00000+0  29494-3 0  9997
2 27858  73.9312 297.7793 0007910 189.1276 170.9756 14.79001360114600
COSMOS 2400
1 27868U 03037A   24109.47459184  .00000047  00000+0  26120-3 0  9996
2 27868  82.4653 105.0219 0021229 347.1352  12.9184 12.45164174939359
COSMOS 2401
1 27869U 03037B   24109.47529472  .00000041  00000+0  21634-3 0  9994
2 27869  82.4646 101.7415 0021921 343.2578  16.7777 12.45479409939595
USA 170
1 27875U 03040A   24109.07271939  .00000093  00000+0  00000+0 0  9990
2 27875   8.8102  54.9030 0003461   5.1665 188.9498  1.00271801 23707
MOZHAYETS 4 (RS-22)
1 27939U 03042A   24109.51579300  .00003827  00000+0  65147-3 0  9990
2 27939  98.2830 264.8088 0011123 246.0017 204.9965 14.69630579 99515
LARETS
1 27944U 03042F   24109.49327912  .00000327  00000+0  72549-4 0  9990
2 27944  98.3049 249.2853 0011995 348.4249  11.6675 14.63486593 97925
GALAXY 13 (HORIZONS-1)
1 27954U 03044A   24108.71695671  .00000125  00000+0  00000+0 0  9991
2 27954   0.0151 241.9427 0000598 214.8510 217.6131  1.00272432 38641
IRS-P6 (RESOURCESAT-1)
1 28051U 03046A   24109.50941161  .00000818  00000+0  29241-3 0  9999
2 28051  98.2991 169.0668 0064842 186.5303 285.7950 14.35395713 67237
DMSP 5D-3 F16 (USA 172)
1 28054U 03048A   24109.51713897  .00000486  00000+0  28002-3 0  9993
2 28054  99.0226 115.4241 0006570 214.7885 297.7608 14.13993627 57848
CHUANGXIN 1 (CX-1)
1 28058U 03049B   24109.53469413  .00000769  00000+0  22074-3 0  9999
2 28058  98.6014 348.3817 0013752  58.5190 301.7344 14.47659340 81995
YAMAL 202
1 28089U 03053A   24109.53115701 -.00000081  00000+0  00000+0 0  9995
2 28089   4.3379  80.4051 0003371 315.6475 165.8135  1.00272496 74762
UFO 11 (USA 174)
1 28117U 03057A   24108.83333942 -.00000106  00000+0  00000+0 0  9990
2 28117   7.9743  36.9054 0003122   6.2512 178.6723  1.00272375 74521
NAVSTAR 53 (USA 175)
1 28129U 03058A   24108.14007641 -.00000060  00000+0  00000+0 0  9991
2 28129  54.4575  53.8627 0069491 337.3880  22.2895  2.00573888148929
USA 176 (DSP 22)
1 28158U 04004A   24108.88796968 -.00000221  00000+0  00000+0 0  9992
2 28158  10.9829  31.3940 0000746 351.1637 230.7922  1.00277855 25005
ABS-4 (MOBISAT-1)
1 28184U 04007A   24109.11677194  .00000038  00000+0  00000+0 0  9995
2 28184   4.0294  81.5018 0005280 307.6404 280.5613  1.00271612 73663
EUTELSAT 7A
1 28187U 04008A   24108.57591975  .00000099  00000+0  00000+0 0  9997
2 28187   3.8133  81.2687 0002820 306.9325 246.1189  1.00271154 73426
NAVSTAR 54 (USA 177)
1 28190U 04009A   24108.88329038 -.00000039  00000+0  00000+0 0  9990
2 28190  55.5056 307.4438 0095922 145.1517  30.9903  2.00560897147124
SHIYAN 1 (SY-1)
1 28220U 04012A   24108.66868974  .00013879  00000+0  84882-3 0  9990
2 28220  97.9718 133.9137 0008398 228.1648 131.8864 15.10339102 90851
AMC-11 (GE-11)
1 28252U 04017A   24109.44052899 -.00000055  00000+0  00000+0 0  9997
2 28252   0.0516  61.1981 0001561 292.8767 260.4596  1.00272823 72784
INTELSAT 10-02
1 28358U 04022A   24109.30327194 -.00000017  00000+0  00000+0 0  9996
2 28358   0.0159 186.9289 0000727 189.1533 299.0037  1.00270708 72703
NAVSTAR 55 (USA 178)
1 28361U 04023A   24108.64823448  .00000055  00000+0  00000+0 0  9991
2 28361  54.3950 118.7185 0152140 279.0757 262.8526  2.00568715145183
APRIZESAT 2
1 28366U 04025A   24108.54216817  .00000683  00000+0  22721-3 0  9998
2 28366  98.0882 310.3566 0108028 116.5909 244.6397 14.37250173 38038
SAUDICOMSAT 1
1 28369U 04025D   24108.91459465  .00001596  00000+0  38884-3 0  9991
2 28369  98.5340  88.8960 0031725 283.8010  75.9656 14.53848574 49222
SAUDICOMSAT 2
1 28370U 04025E   24108.91858552  .00001242  00000+0  33611-3 0  9994
2 28370  98.6259  89.5748 0057646 131.2234 229.3947 14.48599111 45688
SAUDISAT 2
1 28371U 04025F   24109.51371448  .00001151  00000+0  27517-3 0  9993
2 28371  98.4786  81.7164 0024710 199.7892 160.2348 14.55385063 50864
APRIZESAT 1
1 28372U 04025G   24108.93142979  .00001342  00000+0  34986-3 0  9994
2 28372  98.5881  89.0131 0045968  39.0920 321.3580 14.50579461 47320
AURA
1 28376U 04026A   24108.86350460  .00003392  00000+0  74185-3 0  9999
2 28376  98.2459  54.1416 0000766  83.0727 277.0559 14.58393861 50886
ANIK F2
1 28378U 04027A   24109.15466330 -.00000055  00000+0  00000+0 0  9994
2 28378   1.2384  89.3481 0002656 320.4829 101.5032  1.00272418 72431
COSMOS 2407
1 28380U 04028A   24108.89280272  .00000141  00000+0  12911-3 0  9990
2 28380  82.9573 300.0549 0038095 303.8345 171.7000 13.76201721991161
SHIJIAN-6 01A (SJ-6 01A)
1 28413U 04035A   24109.03123712  .00010393  00000+0  81931-3 0  9995
2 28413  97.6584 129.2018 0003059 316.0322  44.0658 15.00940911 68377
SHIJIAN-6 01B (SJ-6 01B)
1 28414U 04035B   24109.53484355  .00006272  00000+0  54000-3 0  9992
2 28414  97.6754 128.1029 0004647 346.3670  13.7426 14.97698769 68252
COSMOS 2408
1 28419U 04037A   24109.48727922  .00000055  00000+0  31254-3 0  9992
2 28419  82.4793 100.5656 0015584 195.1236 164.9382 12.45651393889751
COSMOS 2409
1 28420U 04037B   24109.46408556  .00000043  00000+0  23342-3 0  9997
2 28420  82.4794 103.4697 0013018 204.9691 155.0761 12.45299430889533
AMC-15
1 28446U 04041A   24109.38276830 -.00000094  00000+0  00000+0 0  9998
2 28446   0.0149  87.3325 0002609 292.2330 220.1684  1.00269696 71422
JB-3 3 (ZY 2C)
1 28470U 04044A   24109.47032540  .00007610  00000+0  47138-3 0  9993
2 28470  97.2072 290.4134 0041821  91.2412 269.3610 15.09296863 68255
NAVSTAR 56 (USA 180)
1 28474U 04045A   24108.82573494 -.00000108  00000+0  00000+0 0  9993
2 28474  55.4336 356.6252 0162694 290.8341 249.0779  2.00560431142575
SWIFT
1 28485U 04047A   24109.44679816  .00021155  00000+0  10023-2 0  9994
2 28485  20.5556 248.3917 0007968 223.1996 136.7815 15.17305110 65239
HELIOS 2A
1 28492U 04049A   24109.54347246  .00005673  00000+0  49646-3 0  9995
2 28492  98.3197  99.1690 0014290  39.8638 320.3629 14.97089886 35374
NANOSAT-1
1 28493U 04049B   24108.98828262  .00003984  00000+0  58354-3 0  9994
2 28493  98.1377 222.0435 0003166 321.7893  38.3091 14.76182413 38710
COSMOS 2414
1 28521U 05002A   24109.52503457  .00000182  00000+0  13887-3 0  9992
2 28521  82.9459 280.8404 0041406  62.0367 298.4978 13.87762259974627
NSS-10 (AMC-12)
1 28526U 05003A   24109.38360285 -.00000253  00000+0  00000+0 0  9991
2 28526   4.4653  79.8578 0003068 296.9112 290.8515  1.00272923 70405
XTAR-EUR
1 28542U 05005A   24108.58772551  .00000145  00000+0  00000+0 0  9994
2 28542   2.2934  86.5098 0003499 278.5125  81.7414  1.00271312 70250
XM-3 (RHYTHM)
1 28626U 05008A   24109.49424421 -.00000210  00000+0  00000+0 0  9995
2 28626   0.0199 235.7987 0000448  24.9801  39.1384  1.00269840 70146
INMARSAT 4-F1
1 28628U 05009A   24108.62566954  .00000028  00000+0  00000+0 0  9996
2 28628   4.2165  40.6992 0002434   4.6725 204.1892  1.00272450 69746
IRS-P5 (CARTOSAT-1)
1 28649U 05017A   24108.91337522  .00004269  00000+0  48684-3 0  9992
2 28649  97.6211 154.8129 0002366 127.0226 233.1207 14.86620784 26208
NOAA 18
1 28654U 05018A   24109.45233666  .00000506  00000+0  29375-3 0  9999
2 28654  98.8754 186.9117 0013541 229.2040 130.7958 14.13170955974823
DIRECTV 8
1 28659U 05019A   24109.16577338 -.00000005  00000+0  00000+0 0  9995
2 28659   0.0154 130.8580 0002891 251.5576 124.9720  1.00272004 69262
GALAXY 28 (G-28)
1 28702U 05022A   24108.87223852 -.00000191  00000+0  00000+0 0  9990
2 28702   1.2540  88.5685 0002681 222.7036 120.2133  1.00270993 44058
SJ-7
1 28737U 05024A   24108.80536561  .00010581  00000+0  76003-3 0  9990
2 28737  97.7713 113.8465 0020834 218.4730 141.5011 15.04301988 28487
THAICOM 4
1 28786U 05028A   24109.47854321 -.00000367  00000+0  00000+0 0  9991
2 28786   0.0170 189.3672 0002168 195.6722 113.8116  1.00270539 68402
GALAXY 14 (G-14)
1 28790U 05030A   24108.89651781  .00000151  00000+0  00000+0 0  9999
2 28790   2.9764  84.5080 0001504 296.8709 180.7798  1.00275324 68381
REIMEI (INDEX)
1 28810U 05031B   24109.20107405  .00009980  00000+0  86698-3 0  9998
2 28810  97.9856 195.2472 0022765 258.5582 101.3082 14.97021255 12231
ANIK F1R
1 28868U 05036A   24108.94750812 -.00000079  00000+0  00000+0 0  9992
2 28868   2.2775  86.3131 0003245 321.8958  32.1549  1.00272729 38521
NAVSTAR 57 (USA 183)
1 28874U 05038A   24108.34627310 -.00000035  00000+0  00000+0 0  9993
2 28874  55.5529 304.9243 0136291 283.9076 249.0783  2.00559783135971
SYRACUSE 3A
1 28885U 05041B   24109.47164564  .00000129  00000+0  00000+0 0  9994
2 28885   2.6213  85.5769 0002918 297.7777  39.7004  1.00272260 67829
BEIJING 1
1 28890U 05043A   24109.56003484  .00001232  00000+0  25367-3 0  9998
2 28890  98.1905 232.8846 0014005 229.7609 130.2367 14.62236364985189